-59 106826 0
-58 107851 0
-57 105308 0
-56 83040 0
-55 103560 0
-54 109589 0
-53 112307 0
-52 108766 0
-51 81707 0
-50 53878 0
-49 76145 0
-48 90034 0
-47 88430 0
-46 95308 0
-45 96753 0
-44 90262 0
-43 110286 0
-42 117083 0
-41 111035 0
-40 78725 0
-39 90054 0
-38 92882 0
-37 95402 0
-36 87422 0
-35 95050 0
-34 118264 0
-33 116716 0
-32 108800 0
-31 104165 0
-30 111820 0
-29 111411 0
-28 107931 0
-27 114197 0
-26 112764 0
-25 102376 0
-24 93068 0
-23 101707 0
-22 99878 0
-21 91031 0
-20 99290 0
-19 103197 0
-18 106558 0
-17 103590 0
-16 112119 0
-15 113348 0
-14 103588 0
-13 108061 0
-12 112550 0
-11 100474 0
-10 100521 0
-9 103324 0
-8 60272 0
-7 59796 0
-6 69729 0
-5 68081 0
-4 72188 0
-3 74956 0
-2 63746 0
-1 65494 0
0 53954 0
